%YAML:1.0
R: !!opencv-matrix
   rows: 3
   cols: 3
   dt: d
   data: [ 9.9977781722086501e-001, 5.1207702967382383e-004,
       2.1072588122924226e-002, -2.0353410302770736e-005,
       9.9972785672521880e-001, -2.3328353421085433e-002,
       -2.1078799273711386e-002, 2.3322741363657487e-002,
       9.9950574483414678e-001 ]
T: !!opencv-matrix
   rows: 3
   cols: 1
   dt: d
   data: [ -6.7001509071224191e+001, 4.0454853530835111e+000,
       2.2286714789562136e+001 ]
R1: !!opencv-matrix
   rows: 3
   cols: 3
   dt: d
   data: [ 9.5376263587018306e-001, -6.4047408879180201e-002,
       -2.9365756219417166e-001, 6.0710834285513597e-002,
       9.9794541189509156e-001, -2.0473140401343355e-002,
       2.9436546845429684e-001, 1.6983207586673162e-003,
       9.5569141813049829e-001 ]
R2: !!opencv-matrix
   rows: 3
   cols: 3
   dt: d
   data: [ 9.4732980417291424e-001, -5.7198843734206806e-002,
       -3.1511035273563753e-001, 6.0776948250667956e-002,
       9.9815019674504757e-001, 1.5320898010922918e-003,
       3.1443982681435845e-001, -2.0602839932707645e-002,
       9.4905380158327346e-001 ]
P1: !!opencv-matrix
   rows: 3
   cols: 4
   dt: d
   data: [ 1.2789714712301043e+003, 0., 7.3718716144561768e+002, 0., 0.,
       1.2789714712301043e+003, 1.8526485061645508e+002, 0., 0., 0., 1.,
       0. ]
P2: !!opencv-matrix
   rows: 3
   cols: 4
   dt: d
   data: [ 1.2789714712301043e+003, 0., 7.3718716144561768e+002,
       -9.0457429138183667e+004, 0., 1.2789714712301043e+003,
       1.8526485061645508e+002, 0., 0., 0., 1., 0. ]
Q: !!opencv-matrix
   rows: 4
   cols: 4
   dt: d
   data: [ 1., 0., 0., -7.3718716144561768e+002, 0., 1., 0.,
       -1.8526485061645508e+002, 0., 0., 0., 1.2789714712301043e+003, 0.,
       0., 1.4138932350999438e-002, 0. ]
