%YAML:1.0
M1: !!opencv-matrix
   rows: 3
   cols: 3
   dt: d
   data: [ 1.2893698961878472e+003, 0., 3.1645031639323219e+002, 0.,
       1.2789714712301043e+003, 1.6472681976112545e+002, 0., 0., 1. ]
D1: !!opencv-matrix
   rows: 1
   cols: 8
   dt: d
   data: [ 3.1168122710617463e-001, -2.2829657178624436e+000,
       -2.8058268460622995e-002, -8.1162955506862838e-003, 0., 0.,
       3.9043998931529980e+000, -3.7724190703400403e+001 ]
M2: !!opencv-matrix
   rows: 3
   cols: 3
   dt: d
   data: [ 1.3077706350291926e+003, 0., 2.8362781853890459e+002, 0.,
       1.2946820398070320e+003, 1.9210237658450666e+002, 0., 0., 1. ]
D2: !!opencv-matrix
   rows: 1
   cols: 8
   dt: d
   data: [ 4.4621895083072083e-001, 8.4220026593677844e+000,
       -1.8426658370277890e-002, -9.3173171463027046e-003, 0., 0.,
       2.0409290893750157e+001, -9.1783721395329437e+001 ]
