%YAML:1.0
R1: !!opencv-matrix
   rows: 3
   cols: 3
   dt: d
   data: [ -1.4622444687354318e-002, 9.9881883965798257e-001,
       4.6336914610773793e-002, -9.9280794350705637e-001,
       -2.0010236609090841e-002, 1.1803379914303147e-001,
       1.1882159492556291e-001, -4.4277714203977164e-002,
       9.9192787671494331e-001 ]
T1: !!opencv-matrix
   rows: 3
   cols: 1
   dt: d
   data: [ -4.4423049031579518e+002, 3.1785557314139305e+002,
       2.5658009300117560e+003 ]
R2: !!opencv-matrix
   rows: 3
   cols: 3
   dt: d
   data: [ -1.3225011839078760e-002, 9.9846733921752684e-001,
       5.3740781327856729e-002, -9.9533042489030465e-001,
       -1.8284765411474370e-002, 9.4778756277621917e-002,
       9.5616130174472819e-002, -5.2236384539127878e-002,
       9.9404673722151449e-001 ]
T2: !!opencv-matrix
   rows: 3
   cols: 1
   dt: d
   data: [ -4.5689346891518068e+002, 2.6254516021334973e+002,
       2.6074205450179556e+003 ]
